1 1 4
1 4 9
1 6 5
1 9 7
2 2 2
2 5 7
2 9 4
3 1 9
3 4 8
3 8 5
3 9 3
4 2 4
4 5 9
4 7 8
5 2 1
5 5 4
5 7 9
6 3 5
6 6 2
7 1 2
7 3 7
7 7 5
8 2 3
8 5 5
8 9 8
9 4 7
9 6 8
9 8 3

-1 -1

23

36 7	1 1 1 2 2 1 2 2  3 1 3 2 4 1 
11 2	1 3 2 3
15 2	1 4 2 4
15 4	1 5 2 5 1 6 1 7
17 2	1 8 2 8 
19 4	1 9 2 9 3 9 3 8
10 3	2 6 2 7 3 7
9 2		3 3 3 4 
6 2		3 5 3 6 
24 4	4 2 4 3 4 4 4 5
23 5	4 6 4 7 4 8 4 9 5 9
18 4	5 1 5 2 5 3 6 1
29 5	5 4 5 5 5 6 5 7 5 8
15 3	6 2 6 3 6 4    
13 3	6 5 6 6 6 7 
19 3	6 8 6 9 7 9
8 2		7 1 8 1
28 6	7 2 7 3 7 4 8 2 9 1 9 2 
24 5	7 5 7 6 8 5 8 6 9 5
18 3	7 7 7 8 8 7
22 4	8 3 8 4 9 3 9 4
14 4	8 8 8 9 9 8 9 9
12 2	9 6 9 7
