1 2 5
1 7 1
1 9 3
2 9 9
3 3 1
3 6 3
4 1 5
4 5 3
4 8 7
5 1 3
5 2 2
5 5 7
6 9 8
7 5 6
8 2 6
8 6 4
8 7 8
-1 -1

34

6 1 1 1
17 3 1 2 1 3 1 4
9 1 1 5
16 3 1 6 2 6 3 6
6 3 1 7 1 8 1 9
14 3 2 1 3 1 4 1
8 3 2 2 2 3 2 4
15 3 2 5 3 5 3 4
20 3 2 7 3 7 2 8
26 4 2 9 3 9 3 8 4 8
24 4 3 2 3 3 4 3 4 2
18 3 4 4 5 4 4 5
25 4 4 6 5 5 5 6 5 7
4 1 4 7
2 1 4 9
11 3 5 1 6 1 6 2
6 2 5 2 5 3
8 2 5 8 6 8
13 3 5 9 6 9 7 9
9 1 6 3
2 1 6 4
9 2 6 5 6 6
17 3 6 7 7 7 8 7
14 3 7 1 7 2 7 3
12 3 7 4 8 4 8 3
8 2 7 5 7 6
17 3 7 8 8 8 8 9
15 2 8 1 8 2
6 2 8 5 9 5
13 2 8 6 9 6
7 2 9 1 9 2
15 2 9 3 9 4
8 2 9 7 9 8
5 1 9 9