1 1 4
1 3 9
1 7 8
2 1 2
4 7 3
4 8 7
4 9 8
5 7 4
6 5 2
6 6 9
6 8 6
6 9 1
7 1 8
7 5 4
9 1 5
9 2 1
9 9 4
-1 -1

34

19 4 1 2 1 1 2 1 3 1
10 2 1 3 2 3
13 3 1 4 1 5 1 6
15 2 1 7 2 7
10 3 1 8 1 9 2 9
8 1 2 2
18 3 2 4 2 5 2 6
16 4 2 8 3 8 3 7 3 6
8 2 3 2 3 3
12 2 3 4 3 5
28 5 3 9 4 9 4 8 4 7 4 6
18 4 5 1 4 1 4 2 4 3
5 1 4 4
9 3 4 5 5 5 6 5
13 2 5 2 5 3
11 2 5 4 6 4
11 2 5 6 5 7
12 3 5 8 5 9 6 9
22 4 6 1 7 1 8 1 9 1
11 2 6 2 6 3
14 2 6 6 7 6
15 4 6 7 6 8 7 8 7 9
9 2 7 2 7 3
9 1 7 4
15 3 7 5 8 5 8 6
6 1 7 7
10 2 8 2 9 2
5 2 8 3 8 4
11 2 8 7 9 7
5 1 8 8
7 1 8 9
3 1 9 3
15 3 9 4 9 5 9 6
12 2 9 8 9 9